490 500 500
153 249
360 399
106 152
426 373
296 399
52 365
143 197
116 129
135 109
293 389
339 381
126 397
136 70
146 443
215 403
150 332
129 478
145 1
410 388
142 43
125 35
134 313
472 386
111 156
310 401
316 383
245 401
181 372
17 370
151 358
121 116
117 183
118 389
139 337
364 366
195 379
129 373
359 377
147 480
140 54
152 80
431 360
130 224
130 495
130 340
133 492
128 287
414 384
269 360
154 22
115 322
465 357
490 387
148 477
481 393
394 374
243 397
217 384
158 380
118 75
142 290
85 367
243 392
228 384
467 364
319 367
430 367
253 358
163 380
152 386
136 161
203 381
54 405
153 370
218 382
141 405
14 399
131 193
477 360
145 412
151 38
439 385
153 331
32 386
123 478
2 362
120 266
122 176
346 402
109 52
130 475
143 350
110 80
175 386
479 386
487 367
166 405
442 369
174 364
127 167
79 394
204 380
36 371
154 232
477 396
35 395
143 161
67 370
469 358
148 321
298 393
107 203
122 464
146 100
159 397
46 403
119 123
114 367
121 262
136 84
486 366
61 370
136 135
273 362
421 389
112 424
144 36
143 138
33 359
44 398
126 77
39 367
86 391
130 6
432 396
272 369
428 367
147 54
149 160
352 386
123 350
144 94
142 452
149 280
142 81
404 396
113 75
117 271
387 404
130 381
202 386
280 359
213 371
53 380
355 366
123 352
139 422
122 473
423 404
216 363
113 345
228 375
413 359
113 445
243 393
311 365
137 376
326 367
307 398
123 448
109 168
107 173
129 489
107 62
125 395
151 285
229 388
148 494
153 412
109 259
89 374
127 201
129 399
116 297
130 402
126 456
123 125
421 358
200 398
19 384
108 172
107 390
129 186
117 177
210 401
346 366
458 371
138 178
284 389
414 387
445 368
133 439
382 394
147 159
469 399
136 129
141 425
154 117
108 227
124 104
105 218
68 370
119 496
46 364
135 287
135 94
127 105
147 130
139 22
349 392
18 403
77 386
268 379
374 366
123 459
480 368
29 364
145 291
106 295
307 357
188 392
114 399
107 484
94 396
121 407
119 322
177 363
135 73
228 387
134 407
238 379
107 352
390 360
54 358
108 184
463 391
132 206
289 375
276 359
443 385
125 157
123 436
135 236
111 9
117 419
267 379
196 395
280 374
328 365
126 378
64 374
135 327
109 405
129 103
127 110
310 370
96 383
392 356
131 442
381 367
315 402
73 402
146 466
338 381
115 3
18 398
105 215
136 359
413 386
91 366
123 301
132 16
122 109
451 370
326 375
269 382
318 398
158 358
105 476
236 356
150 178
147 466
147 12
141 103
120 478
325 367
128 461
14 374
281 377
140 1
137 320
122 93
123 28
251 377
123 332
141 167
112 389
217 376
10 361
376 402
261 397
153 411
366 389
146 78
88 393
319 364
41 365
461 405
399 372
200 402
105 324
135 363
146 275
146 235
124 360
65 397
391 388
217 378
129 390
482 372
129 148
174 373
119 205
150 44
105 371
279 391
40 359
379 404
366 363
245 402
147 460
140 156
132 106
143 33
114 281
139 413
20 385
267 363
355 373
105 462
123 96
124 45
481 365
141 443
130 219
108 280
134 226
115 93
135 70
118 288
142 466
136 134
444 394
109 353
415 369
402 368
150 358
351 383
376 366
110 325
217 374
149 63
301 394
450 381
451 362
234 377
146 402
111 275
349 383
123 477
130 318
175 397
114 390
121 337
151 247
135 350
125 271
112 228
154 213
287 367
150 377
280 399
287 397
120 206
266 370
317 385
105 253
230 387
216 394
129 328
117 135
486 404
146 430
83 401
139 141
113 315
249 366
138 142
156 382
160 394
122 282
432 372
196 376
145 457
140 241
70 390
399 388
173 367
142 427
228 385
22 401
143 149
148 348
299 371
216 403
148 382
109 414
489 400
141 148
141 469
144 155
162 400
295 362
115 178
130 363
129 301
165 370
224 376
146 455
126 256
113 200
115 103
118 300
187 363
117 356
133 125
128 119
140 123
1 380
130 364
331 400
134 436
136 465
110 482
266 371
180 383
107 126
113 364
146 39
115 449
134 161
108 35
93 364
131 443
314 360
153 455
123 463
461 400
133 217
253 381
169 391
36 396
444 381
366 357
151 325
483 360
146 22
155 365
142 135
108 487
103 369
150 252
145 221
136 249
110 436
139 377
42 391
111 119
135 152
125 283
138 183
140 118
124 246
470 393
131 153
335 403
134 148
114 15
144 361
141 479
